Filename	Size
lab-none/1200/1A-1.jpg	145043
lab-none/1200/1A-2.jpg	234839
lab-none/1200/1A-3.jpg	299078
lab-none/1200/1B-1.jpg	345594
lab-none/1200/1B-2.jpg	171963
lab-none/1200/1B-3.png	979796
lab-none/1200/1C-1.png	3330540
lab-none/1200/1C-2.png	1129109
lab-none/1200/1C-3.png	565568
lab-none/1200/2A-1.jpg	254605
lab-none/1200/2A-2.jpg	341484
lab-none/1200/2A-3.jpg	137332
lab-none/1200/2B-1.jpg	192968
lab-none/1200/2B-2.jpg	186826
lab-none/1200/2B-3.jpg	175702
lab-none/1200/2C-1.png	4380459
lab-none/1200/2C-2.png	463607
lab-none/1200/2C-3.png	1050269
lab-none/1200/3A-1.jpg	112501
lab-none/1200/3A-2.png	2680278
lab-none/1200/3A-3.jpg	256293
lab-none/1200/3B-1.jpg	41938
lab-none/1200/3B-2.jpg	142515
lab-none/1200/3B-3.jpg	221684
lab-none/1200/3C-1.png	164604
lab-none/1200/3C-2.png	104293
lab-none/1200/3C-3.png	357534
lab-none/1200/4A-1.png	698166
lab-none/1200/4A-2.jpg	219186
lab-none/1200/4A-3.png	1778786
lab-none/1200/4B-1.png	506648
lab-none/1200/4B-2.jpg	352457
lab-none/1200/4B-3.png	1196575
lab-none/1200/4C-1.png	244402
lab-none/1200/4C-2.png	608237
lab-none/1200/4C-3.png	1050982
lab-none/1200/6D.jpg	254472
lab-none/1200/6E.jpg	281803
lab-none/1200/6F.jpg	222429
lab-none/1200/6G.jpg	25199
lab-none/300/1A-1.jpg	16793
lab-none/300/1A-2.jpg	25821
lab-none/300/1A-3.jpg	23460
lab-none/300/1B-1.jpg	26602
lab-none/300/1B-2.jpg	14863
lab-none/300/1B-3.png	85042
lab-none/300/1C-1.png	198445
lab-none/300/1C-2.png	106868
lab-none/300/1C-3.png	63368
lab-none/300/2A-1.jpg	27109
lab-none/300/2A-2.jpg	34179
lab-none/300/2A-3.jpg	13461
lab-none/300/2B-1.jpg	13798
lab-none/300/2B-2.jpg	18082
lab-none/300/2B-3.jpg	16904
lab-none/300/2C-1.png	266392
lab-none/300/2C-2.png	39754
lab-none/300/2C-3.png	91593
lab-none/300/3A-1.jpg	10496
lab-none/300/3A-2.png	194621
lab-none/300/3A-3.jpg	19075
lab-none/300/3B-1.jpg	5990
lab-none/300/3B-2.jpg	27359
lab-none/300/3B-3.jpg	19120
lab-none/300/3C-1.png	25837
lab-none/300/3C-2.png	19371
lab-none/300/3C-3.png	50607
lab-none/300/4A-1.png	118975
lab-none/300/4A-2.jpg	27032
lab-none/300/4A-3.png	181243
lab-none/300/4B-1.png	73697
lab-none/300/4B-2.jpg	32319
lab-none/300/4B-3.png	113999
lab-none/300/4C-1.png	40743
lab-none/300/4C-2.png	108094
lab-none/300/4C-3.png	127657
lab-none/300/6D.jpg	17959
lab-none/300/6E.jpg	23708
lab-none/300/6F.jpg	27457
lab-none/300/6G.jpg	3910
lab-none/600/1A-1.jpg	47386
lab-none/600/1A-2.jpg	74583
lab-none/600/1A-3.jpg	79899
lab-none/600/1B-1.jpg	95425
lab-none/600/1B-2.jpg	49187
lab-none/600/1B-3.png	299447
lab-none/600/1C-1.png	842061
lab-none/600/1C-2.png	342318
lab-none/600/1C-3.png	182239
lab-none/600/2A-1.jpg	84190
lab-none/600/2A-2.jpg	108367
lab-none/600/2A-3.jpg	41691
lab-none/600/2B-1.jpg	50757
lab-none/600/2B-2.jpg	57268
lab-none/600/2B-3.jpg	55940
lab-none/600/2C-1.png	1116309
lab-none/600/2C-2.png	125578
lab-none/600/2C-3.png	307292
lab-none/600/3A-1.jpg	33257
lab-none/600/3A-2.png	726188
lab-none/600/3A-3.jpg	67651
lab-none/600/3B-1.jpg	14864
lab-none/600/3B-2.jpg	60236
lab-none/600/3B-3.jpg	60849
lab-none/600/3C-1.png	65760
lab-none/600/3C-2.png	45548
lab-none/600/3C-3.png	136168
lab-none/600/4A-1.png	314154
lab-none/600/4A-2.jpg	80234
lab-none/600/4A-3.png	577201
lab-none/600/4B-1.png	212541
lab-none/600/4B-2.jpg	113341
lab-none/600/4B-3.png	380962
lab-none/600/4C-1.png	98153
lab-none/600/4C-2.png	251202
lab-none/600/4C-3.png	373013
lab-none/600/6D.jpg	67170
lab-none/600/6E.jpg	80576
lab-none/600/6F.jpg	81129
lab-none/600/6G.jpg	9625
lab-rgb/1200/1A-1.jpg	145057
lab-rgb/1200/1A-2.jpg	234822
lab-rgb/1200/1A-3.jpg	299108
lab-rgb/1200/1B-1.jpg	345622
lab-rgb/1200/1B-2.jpg	171972
lab-rgb/1200/1B-3.png	819998
lab-rgb/1200/1C-1.png	3087126
lab-rgb/1200/1C-2.png	1100664
lab-rgb/1200/1C-3.png	508346
lab-rgb/1200/2A-1.jpg	254554
lab-rgb/1200/2A-2.jpg	341295
lab-rgb/1200/2A-3.jpg	137331
lab-rgb/1200/2B-1.jpg	192967
lab-rgb/1200/2B-2.jpg	186828
lab-rgb/1200/2B-3.jpg	175708
lab-rgb/1200/2C-1.png	4342696
lab-rgb/1200/2C-2.png	547384
lab-rgb/1200/2C-3.png	913018
lab-rgb/1200/3A-1.jpg	112517
lab-rgb/1200/3A-2.png	2703992
lab-rgb/1200/3A-3.jpg	256216
lab-rgb/1200/3B-1.jpg	41938
lab-rgb/1200/3B-2.jpg	142505
lab-rgb/1200/3B-3.jpg	221680
lab-rgb/1200/3C-1.png	169108
lab-rgb/1200/3C-2.png	105697
lab-rgb/1200/3C-3.png	309951
lab-rgb/1200/4A-1.png	669329
lab-rgb/1200/4A-2.jpg	219188
lab-rgb/1200/4A-3.png	2190909
lab-rgb/1200/4B-1.png	506430
lab-rgb/1200/4B-2.jpg	352470
lab-rgb/1200/4B-3.png	1132432
lab-rgb/1200/4C-1.png	211465
lab-rgb/1200/4C-2.png	562919
lab-rgb/1200/4C-3.png	1027915
lab-rgb/1200/6D.jpg	254482
lab-rgb/1200/6E.jpg	281859
lab-rgb/1200/6F.jpg	222373
lab-rgb/1200/6G.jpg	25206
lab-rgb/300/1A-1.jpg	16798
lab-rgb/300/1A-2.jpg	25828
lab-rgb/300/1A-3.jpg	23449
lab-rgb/300/1B-1.jpg	26592
lab-rgb/300/1B-2.jpg	14870
lab-rgb/300/1B-3.png	71296
lab-rgb/300/1C-1.png	183175
lab-rgb/300/1C-2.png	91948
lab-rgb/300/1C-3.png	56592
lab-rgb/300/2A-1.jpg	27109
lab-rgb/300/2A-2.jpg	34180
lab-rgb/300/2A-3.jpg	13471
lab-rgb/300/2B-1.jpg	13788
lab-rgb/300/2B-2.jpg	18092
lab-rgb/300/2B-3.jpg	16915
lab-rgb/300/2C-1.png	266560
lab-rgb/300/2C-2.png	45181
lab-rgb/300/2C-3.png	81683
lab-rgb/300/3A-1.jpg	10485
lab-rgb/300/3A-2.png	196826
lab-rgb/300/3A-3.jpg	19086
lab-rgb/300/3B-1.jpg	5976
lab-rgb/300/3B-2.jpg	27344
lab-rgb/300/3B-3.jpg	19116
lab-rgb/300/3C-1.png	27065
lab-rgb/300/3C-2.png	19239
lab-rgb/300/3C-3.png	44939
lab-rgb/300/4A-1.png	112033
lab-rgb/300/4A-2.jpg	27027
lab-rgb/300/4A-3.png	218011
lab-rgb/300/4B-1.png	73293
lab-rgb/300/4B-2.jpg	32333
lab-rgb/300/4B-3.png	130462
lab-rgb/300/4C-1.png	35169
lab-rgb/300/4C-2.png	93327
lab-rgb/300/4C-3.png	125142
lab-rgb/300/6D.jpg	17957
lab-rgb/300/6E.jpg	23696
lab-rgb/300/6F.jpg	27458
lab-rgb/300/6G.jpg	3918
lab-rgb/600/1A-1.jpg	47389
lab-rgb/600/1A-2.jpg	74569
lab-rgb/600/1A-3.jpg	79872
lab-rgb/600/1B-1.jpg	95390
lab-rgb/600/1B-2.jpg	49193
lab-rgb/600/1B-3.png	251252
lab-rgb/600/1C-1.png	782459
lab-rgb/600/1C-2.png	317336
lab-rgb/600/1C-3.png	162880
lab-rgb/600/2A-1.jpg	84160
lab-rgb/600/2A-2.jpg	108385
lab-rgb/600/2A-3.jpg	41706
lab-rgb/600/2B-1.jpg	50766
lab-rgb/600/2B-2.jpg	57279
lab-rgb/600/2B-3.jpg	55927
lab-rgb/600/2C-1.png	1114080
lab-rgb/600/2C-2.png	145639
lab-rgb/600/2C-3.png	271982
lab-rgb/600/3A-1.jpg	33238
lab-rgb/600/3A-2.png	733949
lab-rgb/600/3A-3.jpg	67664
lab-rgb/600/3B-1.jpg	14867
lab-rgb/600/3B-2.jpg	60261
lab-rgb/600/3B-3.jpg	60844
lab-rgb/600/3C-1.png	67986
lab-rgb/600/3C-2.png	45811
lab-rgb/600/3C-3.png	120454
lab-rgb/600/4A-1.png	295221
lab-rgb/600/4A-2.jpg	80224
lab-rgb/600/4A-3.png	696195
lab-rgb/600/4B-1.png	211632
lab-rgb/600/4B-2.jpg	113329
lab-rgb/600/4B-3.png	398039
lab-rgb/600/4C-1.png	83978
lab-rgb/600/4C-2.png	224390
lab-rgb/600/4C-3.png	364856
lab-rgb/600/6D.jpg	67187
lab-rgb/600/6E.jpg	80579
lab-rgb/600/6F.jpg	81129
lab-rgb/600/6G.jpg	9623
lab-srgb/1200/1A-1.jpg	145043
lab-srgb/1200/1A-2.jpg	234839
lab-srgb/1200/1A-3.jpg	299078
lab-srgb/1200/1B-1.jpg	345594
lab-srgb/1200/1B-2.jpg	171963
lab-srgb/1200/1B-3.png	979796
lab-srgb/1200/1C-1.png	3330540
lab-srgb/1200/1C-2.png	1129109
lab-srgb/1200/1C-3.png	565568
lab-srgb/1200/2A-1.jpg	254605
lab-srgb/1200/2A-2.jpg	341484
lab-srgb/1200/2A-3.jpg	137332
lab-srgb/1200/2B-1.jpg	192968
lab-srgb/1200/2B-2.jpg	186826
lab-srgb/1200/2B-3.jpg	175702
lab-srgb/1200/2C-1.png	4380459
lab-srgb/1200/2C-2.png	463607
lab-srgb/1200/2C-3.png	1050269
lab-srgb/1200/3A-1.jpg	112501
lab-srgb/1200/3A-2.png	2680278
lab-srgb/1200/3A-3.jpg	256293
lab-srgb/1200/3B-1.jpg	41938
lab-srgb/1200/3B-2.jpg	142515
lab-srgb/1200/3B-3.jpg	221684
lab-srgb/1200/3C-1.png	164604
lab-srgb/1200/3C-2.png	104293
lab-srgb/1200/3C-3.png	357534
lab-srgb/1200/4A-1.png	698166
lab-srgb/1200/4A-2.jpg	219186
lab-srgb/1200/4A-3.png	1778786
lab-srgb/1200/4B-1.png	506648
lab-srgb/1200/4B-2.jpg	352457
lab-srgb/1200/4B-3.png	1196575
lab-srgb/1200/4C-1.png	244402
lab-srgb/1200/4C-2.png	608237
lab-srgb/1200/4C-3.png	1050982
lab-srgb/1200/6D.jpg	254472
lab-srgb/1200/6E.jpg	281803
lab-srgb/1200/6F.jpg	222429
lab-srgb/1200/6G.jpg	25199
lab-srgb/300/1A-1.jpg	16793
lab-srgb/300/1A-2.jpg	25821
lab-srgb/300/1A-3.jpg	23460
lab-srgb/300/1B-1.jpg	26602
lab-srgb/300/1B-2.jpg	14863
lab-srgb/300/1B-3.png	85042
lab-srgb/300/1C-1.png	198445
lab-srgb/300/1C-2.png	106868
lab-srgb/300/1C-3.png	63368
lab-srgb/300/2A-1.jpg	27109
lab-srgb/300/2A-2.jpg	34179
lab-srgb/300/2A-3.jpg	13461
lab-srgb/300/2B-1.jpg	13798
lab-srgb/300/2B-2.jpg	18082
lab-srgb/300/2B-3.jpg	16904
lab-srgb/300/2C-1.png	266392
lab-srgb/300/2C-2.png	39754
lab-srgb/300/2C-3.png	91593
lab-srgb/300/3A-1.jpg	10496
lab-srgb/300/3A-2.png	194621
lab-srgb/300/3A-3.jpg	19075
lab-srgb/300/3B-1.jpg	5990
lab-srgb/300/3B-2.jpg	27359
lab-srgb/300/3B-3.jpg	19120
lab-srgb/300/3C-1.png	25837
lab-srgb/300/3C-2.png	19371
lab-srgb/300/3C-3.png	50607
lab-srgb/300/4A-1.png	118975
lab-srgb/300/4A-2.jpg	27032
lab-srgb/300/4A-3.png	181243
lab-srgb/300/4B-1.png	73697
lab-srgb/300/4B-2.jpg	32319
lab-srgb/300/4B-3.png	113999
lab-srgb/300/4C-1.png	40743
lab-srgb/300/4C-2.png	108094
lab-srgb/300/4C-3.png	127657
lab-srgb/300/6D.jpg	17959
lab-srgb/300/6E.jpg	23708
lab-srgb/300/6F.jpg	27457
lab-srgb/300/6G.jpg	3910
lab-srgb/600/1A-1.jpg	47386
lab-srgb/600/1A-2.jpg	74583
lab-srgb/600/1A-3.jpg	79899
lab-srgb/600/1B-1.jpg	95425
lab-srgb/600/1B-2.jpg	49187
lab-srgb/600/1B-3.png	299447
lab-srgb/600/1C-1.png	842061
lab-srgb/600/1C-2.png	342318
lab-srgb/600/1C-3.png	182239
lab-srgb/600/2A-1.jpg	84190
lab-srgb/600/2A-2.jpg	108367
lab-srgb/600/2A-3.jpg	41691
lab-srgb/600/2B-1.jpg	50757
lab-srgb/600/2B-2.jpg	57268
lab-srgb/600/2B-3.jpg	55940
lab-srgb/600/2C-1.png	1116309
lab-srgb/600/2C-2.png	125578
lab-srgb/600/2C-3.png	307292
lab-srgb/600/3A-1.jpg	33257
lab-srgb/600/3A-2.png	726188
lab-srgb/600/3A-3.jpg	67651
lab-srgb/600/3B-1.jpg	14864
lab-srgb/600/3B-2.jpg	60236
lab-srgb/600/3B-3.jpg	60849
lab-srgb/600/3C-1.png	65760
lab-srgb/600/3C-2.png	45548
lab-srgb/600/3C-3.png	136168
lab-srgb/600/4A-1.png	314154
lab-srgb/600/4A-2.jpg	80234
lab-srgb/600/4A-3.png	577201
lab-srgb/600/4B-1.png	212541
lab-srgb/600/4B-2.jpg	113341
lab-srgb/600/4B-3.png	380962
lab-srgb/600/4C-1.png	98153
lab-srgb/600/4C-2.png	251202
lab-srgb/600/4C-3.png	373013
lab-srgb/600/6D.jpg	67170
lab-srgb/600/6E.jpg	80576
lab-srgb/600/6F.jpg	81129
lab-srgb/600/6G.jpg	9625
luv-none/1200/1A-1.jpg	145072
luv-none/1200/1A-2.jpg	234747
luv-none/1200/1A-3.jpg	299096
luv-none/1200/1B-1.jpg	345620
luv-none/1200/1B-2.jpg	171933
luv-none/1200/1B-3.png	979942
luv-none/1200/1C-1.png	3335993
luv-none/1200/1C-2.png	1130460
luv-none/1200/1C-3.png	558865
luv-none/1200/2A-1.jpg	254480
luv-none/1200/2A-2.jpg	341417
luv-none/1200/2A-3.jpg	137328
luv-none/1200/2B-1.jpg	192973
luv-none/1200/2B-2.jpg	186823
luv-none/1200/2B-3.jpg	175713
luv-none/1200/2C-1.png	4378838
luv-none/1200/2C-2.png	463147
luv-none/1200/2C-3.png	1046878
luv-none/1200/3A-1.jpg	112633
luv-none/1200/3A-2.png	2681820
luv-none/1200/3A-3.jpg	256127
luv-none/1200/3B-1.jpg	41926
luv-none/1200/3B-2.jpg	142497
luv-none/1200/3B-3.jpg	221634
luv-none/1200/3C-1.png	163897
luv-none/1200/3C-2.png	104433
luv-none/1200/3C-3.png	319805
luv-none/1200/4A-1.png	699584
luv-none/1200/4A-2.jpg	219187
luv-none/1200/4A-3.png	1777836
luv-none/1200/4B-1.png	506662
luv-none/1200/4B-2.jpg	352369
luv-none/1200/4B-3.png	1196278
luv-none/1200/4C-1.png	244226
luv-none/1200/4C-2.png	606874
luv-none/1200/4C-3.png	1036205
luv-none/1200/6D.jpg	254463
luv-none/1200/6E.jpg	281931
luv-none/1200/6F.jpg	222385
luv-none/1200/6G.jpg	25773
luv-none/300/1A-1.jpg	16796
luv-none/300/1A-2.jpg	25832
luv-none/300/1A-3.jpg	23473
luv-none/300/1B-1.jpg	26592
luv-none/300/1B-2.jpg	14867
luv-none/300/1B-3.png	84954
luv-none/300/1C-1.png	198910
luv-none/300/1C-2.png	107442
luv-none/300/1C-3.png	62645
luv-none/300/2A-1.jpg	27087
luv-none/300/2A-2.jpg	34140
luv-none/300/2A-3.jpg	13479
luv-none/300/2B-1.jpg	13790
luv-none/300/2B-2.jpg	18086
luv-none/300/2B-3.jpg	16908
luv-none/300/2C-1.png	265447
luv-none/300/2C-2.png	39656
luv-none/300/2C-3.png	91549
luv-none/300/3A-1.jpg	10461
luv-none/300/3A-2.png	194735
luv-none/300/3A-3.jpg	18959
luv-none/300/3B-1.jpg	5985
luv-none/300/3B-2.jpg	27347
luv-none/300/3B-3.jpg	19107
luv-none/300/3C-1.png	25634
luv-none/300/3C-2.png	19380
luv-none/300/3C-3.png	46451
luv-none/300/4A-1.png	117658
luv-none/300/4A-2.jpg	27003
luv-none/300/4A-3.png	181020
luv-none/300/4B-1.png	73714
luv-none/300/4B-2.jpg	32329
luv-none/300/4B-3.png	114118
luv-none/300/4C-1.png	40662
luv-none/300/4C-2.png	107665
luv-none/300/4C-3.png	127528
luv-none/300/6D.jpg	17956
luv-none/300/6E.jpg	23719
luv-none/300/6F.jpg	27436
luv-none/300/6G.jpg	3932
luv-none/600/1A-1.jpg	47395
luv-none/600/1A-2.jpg	74568
luv-none/600/1A-3.jpg	79891
luv-none/600/1B-1.jpg	95399
luv-none/600/1B-2.jpg	49211
luv-none/600/1B-3.png	299359
luv-none/600/1C-1.png	843035
luv-none/600/1C-2.png	342243
luv-none/600/1C-3.png	180470
luv-none/600/2A-1.jpg	84164
luv-none/600/2A-2.jpg	108367
luv-none/600/2A-3.jpg	41692
luv-none/600/2B-1.jpg	50766
luv-none/600/2B-2.jpg	57271
luv-none/600/2B-3.jpg	55946
luv-none/600/2C-1.png	1114795
luv-none/600/2C-2.png	125376
luv-none/600/2C-3.png	305502
luv-none/600/3A-1.jpg	33169
luv-none/600/3A-2.png	726442
luv-none/600/3A-3.jpg	67524
luv-none/600/3B-1.jpg	14877
luv-none/600/3B-2.jpg	60253
luv-none/600/3B-3.jpg	60883
luv-none/600/3C-1.png	65019
luv-none/600/3C-2.png	45506
luv-none/600/3C-3.png	123423
luv-none/600/4A-1.png	312553
luv-none/600/4A-2.jpg	80207
luv-none/600/4A-3.png	577029
luv-none/600/4B-1.png	212556
luv-none/600/4B-2.jpg	113336
luv-none/600/4B-3.png	381030
luv-none/600/4C-1.png	97871
luv-none/600/4C-2.png	250144
luv-none/600/4C-3.png	372293
luv-none/600/6D.jpg	67180
luv-none/600/6E.jpg	80657
luv-none/600/6F.jpg	81140
luv-none/600/6G.jpg	9719
luv-rgb/1200/1A-1.jpg	145033
luv-rgb/1200/1A-2.jpg	234771
luv-rgb/1200/1A-3.jpg	299146
luv-rgb/1200/1B-1.jpg	345541
luv-rgb/1200/1B-2.jpg	171968
luv-rgb/1200/1B-3.png	822312
luv-rgb/1200/1C-1.png	3097384
luv-rgb/1200/1C-2.png	1101455
luv-rgb/1200/1C-3.png	509100
luv-rgb/1200/2A-1.jpg	254487
luv-rgb/1200/2A-2.jpg	341220
luv-rgb/1200/2A-3.jpg	137369
luv-rgb/1200/2B-1.jpg	193009
luv-rgb/1200/2B-2.jpg	186838
luv-rgb/1200/2B-3.jpg	175677
luv-rgb/1200/2C-1.png	4339110
luv-rgb/1200/2C-2.png	546757
luv-rgb/1200/2C-3.png	913123
luv-rgb/1200/3A-1.jpg	112655
luv-rgb/1200/3A-2.png	2705297
luv-rgb/1200/3A-3.jpg	256192
luv-rgb/1200/3B-1.jpg	41947
luv-rgb/1200/3B-2.jpg	142525
luv-rgb/1200/3B-3.jpg	221627
luv-rgb/1200/3C-1.png	168732
luv-rgb/1200/3C-2.png	105960
luv-rgb/1200/3C-3.png	301583
luv-rgb/1200/4A-1.png	672966
luv-rgb/1200/4A-2.jpg	219199
luv-rgb/1200/4A-3.png	2191040
luv-rgb/1200/4B-1.png	506736
luv-rgb/1200/4B-2.jpg	352397
luv-rgb/1200/4B-3.png	1132584
luv-rgb/1200/4C-1.png	211266
luv-rgb/1200/4C-2.png	562954
luv-rgb/1200/4C-3.png	1020163
luv-rgb/1200/6D.jpg	254437
luv-rgb/1200/6E.jpg	282026
luv-rgb/1200/6F.jpg	222387
luv-rgb/1200/6G.jpg	25782
luv-rgb/300/1A-1.jpg	16798
luv-rgb/300/1A-2.jpg	25833
luv-rgb/300/1A-3.jpg	23459
luv-rgb/300/1B-1.jpg	26602
luv-rgb/300/1B-2.jpg	14872
luv-rgb/300/1B-3.png	71538
luv-rgb/300/1C-1.png	184418
luv-rgb/300/1C-2.png	104004
luv-rgb/300/1C-3.png	56706
luv-rgb/300/2A-1.jpg	27099
luv-rgb/300/2A-2.jpg	34176
luv-rgb/300/2A-3.jpg	13475
luv-rgb/300/2B-1.jpg	13794
luv-rgb/300/2B-2.jpg	18084
luv-rgb/300/2B-3.jpg	16905
luv-rgb/300/2C-1.png	265467
luv-rgb/300/2C-2.png	45193
luv-rgb/300/2C-3.png	81771
luv-rgb/300/3A-1.jpg	10468
luv-rgb/300/3A-2.png	197027
luv-rgb/300/3A-3.jpg	18950
luv-rgb/300/3B-1.jpg	5983
luv-rgb/300/3B-2.jpg	27346
luv-rgb/300/3B-3.jpg	19109
luv-rgb/300/3C-1.png	27013
luv-rgb/300/3C-2.png	19154
luv-rgb/300/3C-3.png	42775
luv-rgb/300/4A-1.png	111841
luv-rgb/300/4A-2.jpg	27002
luv-rgb/300/4A-3.png	217856
luv-rgb/300/4B-1.png	73688
luv-rgb/300/4B-2.jpg	32337
luv-rgb/300/4B-3.png	130497
luv-rgb/300/4C-1.png	36065
luv-rgb/300/4C-2.png	101798
luv-rgb/300/4C-3.png	125557
luv-rgb/300/6D.jpg	17959
luv-rgb/300/6E.jpg	23722
luv-rgb/300/6F.jpg	27442
luv-rgb/300/6G.jpg	3935
luv-rgb/600/1A-1.jpg	47391
luv-rgb/600/1A-2.jpg	74545
luv-rgb/600/1A-3.jpg	79906
luv-rgb/600/1B-1.jpg	95381
luv-rgb/600/1B-2.jpg	49203
luv-rgb/600/1B-3.png	251521
luv-rgb/600/1C-1.png	785451
luv-rgb/600/1C-2.png	336565
luv-rgb/600/1C-3.png	163237
luv-rgb/600/2A-1.jpg	84140
luv-rgb/600/2A-2.jpg	108400
luv-rgb/600/2A-3.jpg	41719
luv-rgb/600/2B-1.jpg	50766
luv-rgb/600/2B-2.jpg	57277
luv-rgb/600/2B-3.jpg	55944
luv-rgb/600/2C-1.png	1112059
luv-rgb/600/2C-2.png	145551
luv-rgb/600/2C-3.png	271819
luv-rgb/600/3A-1.jpg	33192
luv-rgb/600/3A-2.png	734835
luv-rgb/600/3A-3.jpg	67546
luv-rgb/600/3B-1.jpg	14878
luv-rgb/600/3B-2.jpg	60249
luv-rgb/600/3B-3.jpg	60847
luv-rgb/600/3C-1.png	67745
luv-rgb/600/3C-2.png	45781
luv-rgb/600/3C-3.png	116083
luv-rgb/600/4A-1.png	296872
luv-rgb/600/4A-2.jpg	80165
luv-rgb/600/4A-3.png	696298
luv-rgb/600/4B-1.png	212600
luv-rgb/600/4B-2.jpg	113322
luv-rgb/600/4B-3.png	398249
luv-rgb/600/4C-1.png	84598
luv-rgb/600/4C-2.png	234467
luv-rgb/600/4C-3.png	366700
luv-rgb/600/6D.jpg	67162
luv-rgb/600/6E.jpg	80649
luv-rgb/600/6F.jpg	81091
luv-rgb/600/6G.jpg	9716
luv-srgb/1200/1A-1.jpg	145072
luv-srgb/1200/1A-2.jpg	234747
luv-srgb/1200/1A-3.jpg	299096
luv-srgb/1200/1B-1.jpg	345620
luv-srgb/1200/1B-2.jpg	171933
luv-srgb/1200/1B-3.png	979942
luv-srgb/1200/1C-1.png	3335993
luv-srgb/1200/1C-2.png	1130460
luv-srgb/1200/1C-3.png	558865
luv-srgb/1200/2A-1.jpg	254480
luv-srgb/1200/2A-2.jpg	341417
luv-srgb/1200/2A-3.jpg	137328
luv-srgb/1200/2B-1.jpg	192973
luv-srgb/1200/2B-2.jpg	186823
luv-srgb/1200/2B-3.jpg	175713
luv-srgb/1200/2C-1.png	4378838
luv-srgb/1200/2C-2.png	463147
luv-srgb/1200/2C-3.png	1046878
luv-srgb/1200/3A-1.jpg	112633
luv-srgb/1200/3A-2.png	2681820
luv-srgb/1200/3A-3.jpg	256127
luv-srgb/1200/3B-1.jpg	41926
luv-srgb/1200/3B-2.jpg	142497
luv-srgb/1200/3B-3.jpg	221634
luv-srgb/1200/3C-1.png	163897
luv-srgb/1200/3C-2.png	104433
luv-srgb/1200/3C-3.png	319805
luv-srgb/1200/4A-1.png	699584
luv-srgb/1200/4A-2.jpg	219187
luv-srgb/1200/4A-3.png	1777836
luv-srgb/1200/4B-1.png	506662
luv-srgb/1200/4B-2.jpg	352369
luv-srgb/1200/4B-3.png	1196278
luv-srgb/1200/4C-1.png	244226
luv-srgb/1200/4C-2.png	606874
luv-srgb/1200/4C-3.png	1036205
luv-srgb/1200/6D.jpg	254463
luv-srgb/1200/6E.jpg	281931
luv-srgb/1200/6F.jpg	222385
luv-srgb/1200/6G.jpg	25773
luv-srgb/300/1A-1.jpg	16796
luv-srgb/300/1A-2.jpg	25832
luv-srgb/300/1A-3.jpg	23473
luv-srgb/300/1B-1.jpg	26592
luv-srgb/300/1B-2.jpg	14867
luv-srgb/300/1B-3.png	84954
luv-srgb/300/1C-1.png	198910
luv-srgb/300/1C-2.png	107442
luv-srgb/300/1C-3.png	62645
luv-srgb/300/2A-1.jpg	27087
luv-srgb/300/2A-2.jpg	34140
luv-srgb/300/2A-3.jpg	13479
luv-srgb/300/2B-1.jpg	13790
luv-srgb/300/2B-2.jpg	18086
luv-srgb/300/2B-3.jpg	16908
luv-srgb/300/2C-1.png	265447
luv-srgb/300/2C-2.png	39656
luv-srgb/300/2C-3.png	91549
luv-srgb/300/3A-1.jpg	10461
luv-srgb/300/3A-2.png	194735
luv-srgb/300/3A-3.jpg	18959
luv-srgb/300/3B-1.jpg	5985
luv-srgb/300/3B-2.jpg	27347
luv-srgb/300/3B-3.jpg	19107
luv-srgb/300/3C-1.png	25634
luv-srgb/300/3C-2.png	19380
luv-srgb/300/3C-3.png	46451
luv-srgb/300/4A-1.png	117658
luv-srgb/300/4A-2.jpg	27003
luv-srgb/300/4A-3.png	181020
luv-srgb/300/4B-1.png	73714
luv-srgb/300/4B-2.jpg	32329
luv-srgb/300/4B-3.png	114118
luv-srgb/300/4C-1.png	40662
luv-srgb/300/4C-2.png	107665
luv-srgb/300/4C-3.png	127528
luv-srgb/300/6D.jpg	17956
luv-srgb/300/6E.jpg	23719
luv-srgb/300/6F.jpg	27436
luv-srgb/300/6G.jpg	3932
luv-srgb/600/1A-1.jpg	47395
luv-srgb/600/1A-2.jpg	74568
luv-srgb/600/1A-3.jpg	79891
luv-srgb/600/1B-1.jpg	95399
luv-srgb/600/1B-2.jpg	49211
luv-srgb/600/1B-3.png	299359
luv-srgb/600/1C-1.png	843035
luv-srgb/600/1C-2.png	342243
luv-srgb/600/1C-3.png	180470
luv-srgb/600/2A-1.jpg	84164
luv-srgb/600/2A-2.jpg	108367
luv-srgb/600/2A-3.jpg	41692
luv-srgb/600/2B-1.jpg	50766
luv-srgb/600/2B-2.jpg	57271
luv-srgb/600/2B-3.jpg	55946
luv-srgb/600/2C-1.png	1114795
luv-srgb/600/2C-2.png	125376
luv-srgb/600/2C-3.png	305502
luv-srgb/600/3A-1.jpg	33169
luv-srgb/600/3A-2.png	726442
luv-srgb/600/3A-3.jpg	67524
luv-srgb/600/3B-1.jpg	14877
luv-srgb/600/3B-2.jpg	60253
luv-srgb/600/3B-3.jpg	60883
luv-srgb/600/3C-1.png	65019
luv-srgb/600/3C-2.png	45506
luv-srgb/600/3C-3.png	123423
luv-srgb/600/4A-1.png	312553
luv-srgb/600/4A-2.jpg	80207
luv-srgb/600/4A-3.png	577029
luv-srgb/600/4B-1.png	212556
luv-srgb/600/4B-2.jpg	113336
luv-srgb/600/4B-3.png	381030
luv-srgb/600/4C-1.png	97871
luv-srgb/600/4C-2.png	250144
luv-srgb/600/4C-3.png	372293
luv-srgb/600/6D.jpg	67180
luv-srgb/600/6E.jpg	80657
luv-srgb/600/6F.jpg	81140
luv-srgb/600/6G.jpg	9719
none-none/1200/1A-1.jpg	145097
none-none/1200/1A-2.jpg	234835
none-none/1200/1A-3.jpg	299083
none-none/1200/1B-1.jpg	345680
none-none/1200/1B-2.jpg	168384
none-none/1200/1B-3.png	1360820
none-none/1200/1C-1.png	3325313
none-none/1200/1C-2.png	1094832
none-none/1200/1C-3.png	549535
none-none/1200/2A-1.jpg	254544
none-none/1200/2A-2.jpg	341494
none-none/1200/2A-3.jpg	137384
none-none/1200/2B-1.jpg	189952
none-none/1200/2B-2.jpg	183520
none-none/1200/2B-3.jpg	172541
none-none/1200/2C-1.png	4365618
none-none/1200/2C-2.png	462276
none-none/1200/2C-3.png	1039155
none-none/1200/3A-1.jpg	112582
none-none/1200/3A-2.png	2681999
none-none/1200/3A-3.jpg	256876
none-none/1200/3B-1.jpg	41989
none-none/1200/3B-2.jpg	131527
none-none/1200/3B-3.jpg	207317
none-none/1200/3C-1.png	166094
none-none/1200/3C-2.png	103132
none-none/1200/3C-3.png	307475
none-none/1200/4A-1.png	676887
none-none/1200/4A-2.jpg	219067
none-none/1200/4A-3.png	1774544
none-none/1200/4B-1.png	334618
none-none/1200/4B-2.jpg	348075
none-none/1200/4B-3.png	492000
none-none/1200/4C-1.png	240957
none-none/1200/4C-2.png	315982
none-none/1200/4C-3.png	1039122
none-none/1200/6D.jpg	254493
none-none/1200/6E.jpg	282001
none-none/1200/6F.jpg	222346
none-none/1200/6G.jpg	25149
none-none/300/1A-1.jpg	16788
none-none/300/1A-2.jpg	25843
none-none/300/1A-3.jpg	23514
none-none/300/1B-1.jpg	26607
none-none/300/1B-2.jpg	14479
none-none/300/1B-3.png	99233
none-none/300/1C-1.png	198646
none-none/300/1C-2.png	94215
none-none/300/1C-3.png	61486
none-none/300/2A-1.jpg	27136
none-none/300/2A-2.jpg	34159
none-none/300/2A-3.jpg	13492
none-none/300/2B-1.jpg	13458
none-none/300/2B-2.jpg	17755
none-none/300/2B-3.jpg	16571
none-none/300/2C-1.png	265307
none-none/300/2C-2.png	39464
none-none/300/2C-3.png	90747
none-none/300/3A-1.jpg	10535
none-none/300/3A-2.png	194563
none-none/300/3A-3.jpg	19101
none-none/300/3B-1.jpg	5991
none-none/300/3B-2.jpg	26568
none-none/300/3B-3.jpg	18050
none-none/300/3C-1.png	25961
none-none/300/3C-2.png	18938
none-none/300/3C-3.png	45350
none-none/300/4A-1.png	117412
none-none/300/4A-2.jpg	26930
none-none/300/4A-3.png	181075
none-none/300/4B-1.png	55321
none-none/300/4B-2.jpg	31863
none-none/300/4B-3.png	48934
none-none/300/4C-1.png	39510
none-none/300/4C-2.png	51728
none-none/300/4C-3.png	127408
none-none/300/6D.jpg	17950
none-none/300/6E.jpg	23795
none-none/300/6F.jpg	27430
none-none/300/6G.jpg	3894
none-none/600/1A-1.jpg	47407
none-none/600/1A-2.jpg	74581
none-none/600/1A-3.jpg	79937
none-none/600/1B-1.jpg	95433
none-none/600/1B-2.jpg	48093
none-none/600/1B-3.png	382974
none-none/600/1C-1.png	842587
none-none/600/1C-2.png	299178
none-none/600/1C-3.png	178766
none-none/600/2A-1.jpg	84155
none-none/600/2A-2.jpg	108371
none-none/600/2A-3.jpg	41716
none-none/600/2B-1.jpg	49720
none-none/600/2B-2.jpg	56295
none-none/600/2B-3.jpg	55053
none-none/600/2C-1.png	1112136
none-none/600/2C-2.png	124917
none-none/600/2C-3.png	303189
none-none/600/3A-1.jpg	33306
none-none/600/3A-2.png	726808
none-none/600/3A-3.jpg	67992
none-none/600/3B-1.jpg	14896
none-none/600/3B-2.jpg	57308
none-none/600/3B-3.jpg	57086
none-none/600/3C-1.png	65985
none-none/600/3C-2.png	44826
none-none/600/3C-3.png	119972
none-none/600/4A-1.png	308063
none-none/600/4A-2.jpg	80077
none-none/600/4A-3.png	576973
none-none/600/4B-1.png	141197
none-none/600/4B-2.jpg	112129
none-none/600/4B-3.png	155930
none-none/600/4C-1.png	95591
none-none/600/4C-2.png	124291
none-none/600/4C-3.png	372023
none-none/600/6D.jpg	67162
none-none/600/6E.jpg	80782
none-none/600/6F.jpg	81102
none-none/600/6G.jpg	9571
none-rgb/1200/1A-1.jpg	145151
none-rgb/1200/1A-2.jpg	234868
none-rgb/1200/1A-3.jpg	299116
none-rgb/1200/1B-1.jpg	345614
none-rgb/1200/1B-2.jpg	168424
none-rgb/1200/1B-3.png	1039752
none-rgb/1200/1C-1.png	3069938
none-rgb/1200/1C-2.png	1069841
none-rgb/1200/1C-3.png	501073
none-rgb/1200/2A-1.jpg	254568
none-rgb/1200/2A-2.jpg	341425
none-rgb/1200/2A-3.jpg	137394
none-rgb/1200/2B-1.jpg	189969
none-rgb/1200/2B-2.jpg	183491
none-rgb/1200/2B-3.jpg	172519
none-rgb/1200/2C-1.png	4353302
none-rgb/1200/2C-2.png	545687
none-rgb/1200/2C-3.png	904073
none-rgb/1200/3A-1.jpg	112579
none-rgb/1200/3A-2.png	2705620
none-rgb/1200/3A-3.jpg	256850
none-rgb/1200/3B-1.jpg	41968
none-rgb/1200/3B-2.jpg	131491
none-rgb/1200/3B-3.jpg	207297
none-rgb/1200/3C-1.png	169056
none-rgb/1200/3C-2.png	103820
none-rgb/1200/3C-3.png	286611
none-rgb/1200/4A-1.png	662003
none-rgb/1200/4A-2.jpg	219080
none-rgb/1200/4A-3.png	2185443
none-rgb/1200/4B-1.png	334590
none-rgb/1200/4B-2.jpg	348080
none-rgb/1200/4B-3.png	492514
none-rgb/1200/4C-1.png	208040
none-rgb/1200/4C-2.png	294332
none-rgb/1200/4C-3.png	1017494
none-rgb/1200/6D.jpg	254487
none-rgb/1200/6E.jpg	282024
none-rgb/1200/6F.jpg	222353
none-rgb/1200/6G.jpg	25148
none-rgb/300/1A-1.jpg	16781
none-rgb/300/1A-2.jpg	25846
none-rgb/300/1A-3.jpg	23509
none-rgb/300/1B-1.jpg	26616
none-rgb/300/1B-2.jpg	14480
none-rgb/300/1B-3.png	77774
none-rgb/300/1C-1.png	183826
none-rgb/300/1C-2.png	85737
none-rgb/300/1C-3.png	55832
none-rgb/300/2A-1.jpg	27134
none-rgb/300/2A-2.jpg	34147
none-rgb/300/2A-3.jpg	13477
none-rgb/300/2B-1.jpg	13466
none-rgb/300/2B-2.jpg	17756
none-rgb/300/2B-3.jpg	16574
none-rgb/300/2C-1.png	267588
none-rgb/300/2C-2.png	44977
none-rgb/300/2C-3.png	80939
none-rgb/300/3A-1.jpg	10533
none-rgb/300/3A-2.png	196959
none-rgb/300/3A-3.jpg	19090
none-rgb/300/3B-1.jpg	5994
none-rgb/300/3B-2.jpg	26561
none-rgb/300/3B-3.jpg	18057
none-rgb/300/3C-1.png	27081
none-rgb/300/3C-2.png	18564
none-rgb/300/3C-3.png	40846
none-rgb/300/4A-1.png	110879
none-rgb/300/4A-2.jpg	26914
none-rgb/300/4A-3.png	217837
none-rgb/300/4B-1.png	55293
none-rgb/300/4B-2.jpg	31873
none-rgb/300/4B-3.png	53970
none-rgb/300/4C-1.png	34611
none-rgb/300/4C-2.png	49067
none-rgb/300/4C-3.png	124732
none-rgb/300/6D.jpg	17952
none-rgb/300/6E.jpg	23790
none-rgb/300/6F.jpg	27427
none-rgb/300/6G.jpg	3903
none-rgb/600/1A-1.jpg	47412
none-rgb/600/1A-2.jpg	74579
none-rgb/600/1A-3.jpg	79892
none-rgb/600/1B-1.jpg	95439
none-rgb/600/1B-2.jpg	48087
none-rgb/600/1B-3.png	299207
none-rgb/600/1C-1.png	782995
none-rgb/600/1C-2.png	295556
none-rgb/600/1C-3.png	161158
none-rgb/600/2A-1.jpg	84141
none-rgb/600/2A-2.jpg	108372
none-rgb/600/2A-3.jpg	41697
none-rgb/600/2B-1.jpg	49747
none-rgb/600/2B-2.jpg	56266
none-rgb/600/2B-3.jpg	55059
none-rgb/600/2C-1.png	1116905
none-rgb/600/2C-2.png	144858
none-rgb/600/2C-3.png	268657
none-rgb/600/3A-1.jpg	33296
none-rgb/600/3A-2.png	735019
none-rgb/600/3A-3.jpg	67966
none-rgb/600/3B-1.jpg	14887
none-rgb/600/3B-2.jpg	57301
none-rgb/600/3B-3.jpg	57109
none-rgb/600/3C-1.png	68035
none-rgb/600/3C-2.png	44505
none-rgb/600/3C-3.png	110934
none-rgb/600/4A-1.png	292120
none-rgb/600/4A-2.jpg	80047
none-rgb/600/4A-3.png	696479
none-rgb/600/4B-1.png	141169
none-rgb/600/4B-2.jpg	112156
none-rgb/600/4B-3.png	164118
none-rgb/600/4C-1.png	81859
none-rgb/600/4C-2.png	117340
none-rgb/600/4C-3.png	364127
none-rgb/600/6D.jpg	67143
none-rgb/600/6E.jpg	80755
none-rgb/600/6F.jpg	81111
none-rgb/600/6G.jpg	9570
none-srgb/1200/1A-1.jpg	145097
none-srgb/1200/1A-2.jpg	234835
none-srgb/1200/1A-3.jpg	299083
none-srgb/1200/1B-1.jpg	345680
none-srgb/1200/1B-2.jpg	168384
none-srgb/1200/1B-3.png	1360820
none-srgb/1200/1C-1.png	3325313
none-srgb/1200/1C-2.png	1094832
none-srgb/1200/1C-3.png	549535
none-srgb/1200/2A-1.jpg	254544
none-srgb/1200/2A-2.jpg	341494
none-srgb/1200/2A-3.jpg	137384
none-srgb/1200/2B-1.jpg	189952
none-srgb/1200/2B-2.jpg	183520
none-srgb/1200/2B-3.jpg	172541
none-srgb/1200/2C-1.png	4365618
none-srgb/1200/2C-2.png	462276
none-srgb/1200/2C-3.png	1039155
none-srgb/1200/3A-1.jpg	112582
none-srgb/1200/3A-2.png	2681999
none-srgb/1200/3A-3.jpg	256876
none-srgb/1200/3B-1.jpg	41989
none-srgb/1200/3B-2.jpg	131527
none-srgb/1200/3B-3.jpg	207317
none-srgb/1200/3C-1.png	166094
none-srgb/1200/3C-2.png	103132
none-srgb/1200/3C-3.png	307475
none-srgb/1200/4A-1.png	676887
none-srgb/1200/4A-2.jpg	219067
none-srgb/1200/4A-3.png	1774544
none-srgb/1200/4B-1.png	334618
none-srgb/1200/4B-2.jpg	348075
none-srgb/1200/4B-3.png	492000
none-srgb/1200/4C-1.png	240957
none-srgb/1200/4C-2.png	315982
none-srgb/1200/4C-3.png	1039122
none-srgb/1200/6D.jpg	254493
none-srgb/1200/6E.jpg	282001
none-srgb/1200/6F.jpg	222346
none-srgb/1200/6G.jpg	25149
none-srgb/300/1A-1.jpg	16788
none-srgb/300/1A-2.jpg	25843
none-srgb/300/1A-3.jpg	23514
none-srgb/300/1B-1.jpg	26607
none-srgb/300/1B-2.jpg	14479
none-srgb/300/1B-3.png	99233
none-srgb/300/1C-1.png	198646
none-srgb/300/1C-2.png	94215
none-srgb/300/1C-3.png	61486
none-srgb/300/2A-1.jpg	27136
none-srgb/300/2A-2.jpg	34159
none-srgb/300/2A-3.jpg	13492
none-srgb/300/2B-1.jpg	13458
none-srgb/300/2B-2.jpg	17755
none-srgb/300/2B-3.jpg	16571
none-srgb/300/2C-1.png	265307
none-srgb/300/2C-2.png	39464
none-srgb/300/2C-3.png	90747
none-srgb/300/3A-1.jpg	10535
none-srgb/300/3A-2.png	194563
none-srgb/300/3A-3.jpg	19101
none-srgb/300/3B-1.jpg	5991
none-srgb/300/3B-2.jpg	26568
none-srgb/300/3B-3.jpg	18050
none-srgb/300/3C-1.png	25961
none-srgb/300/3C-2.png	18938
none-srgb/300/3C-3.png	45350
none-srgb/300/4A-1.png	117412
none-srgb/300/4A-2.jpg	26930
none-srgb/300/4A-3.png	181075
none-srgb/300/4B-1.png	55321
none-srgb/300/4B-2.jpg	31863
none-srgb/300/4B-3.png	48934
none-srgb/300/4C-1.png	39510
none-srgb/300/4C-2.png	51728
none-srgb/300/4C-3.png	127408
none-srgb/300/6D.jpg	17950
none-srgb/300/6E.jpg	23795
none-srgb/300/6F.jpg	27430
none-srgb/300/6G.jpg	3894
none-srgb/600/1A-1.jpg	47407
none-srgb/600/1A-2.jpg	74581
none-srgb/600/1A-3.jpg	79937
none-srgb/600/1B-1.jpg	95433
none-srgb/600/1B-2.jpg	48093
none-srgb/600/1B-3.png	382974
none-srgb/600/1C-1.png	842587
none-srgb/600/1C-2.png	299178
none-srgb/600/1C-3.png	178766
none-srgb/600/2A-1.jpg	84155
none-srgb/600/2A-2.jpg	108371
none-srgb/600/2A-3.jpg	41716
none-srgb/600/2B-1.jpg	49720
none-srgb/600/2B-2.jpg	56295
none-srgb/600/2B-3.jpg	55053
none-srgb/600/2C-1.png	1112136
none-srgb/600/2C-2.png	124917
none-srgb/600/2C-3.png	303189
none-srgb/600/3A-1.jpg	33306
none-srgb/600/3A-2.png	726808
none-srgb/600/3A-3.jpg	67992
none-srgb/600/3B-1.jpg	14896
none-srgb/600/3B-2.jpg	57308
none-srgb/600/3B-3.jpg	57086
none-srgb/600/3C-1.png	65985
none-srgb/600/3C-2.png	44826
none-srgb/600/3C-3.png	119972
none-srgb/600/4A-1.png	308063
none-srgb/600/4A-2.jpg	80077
none-srgb/600/4A-3.png	576973
none-srgb/600/4B-1.png	141197
none-srgb/600/4B-2.jpg	112129
none-srgb/600/4B-3.png	155930
none-srgb/600/4C-1.png	95591
none-srgb/600/4C-2.png	124291
none-srgb/600/4C-3.png	372023
none-srgb/600/6D.jpg	67162
none-srgb/600/6E.jpg	80782
none-srgb/600/6F.jpg	81102
none-srgb/600/6G.jpg	9571
rgb-none/1200/1A-1.jpg	145097
rgb-none/1200/1A-2.jpg	234835
rgb-none/1200/1A-3.jpg	299083
rgb-none/1200/1B-1.jpg	345680
rgb-none/1200/1B-2.jpg	168384
rgb-none/1200/1B-3.png	1360820
rgb-none/1200/1C-1.png	3325313
rgb-none/1200/1C-2.png	1094832
rgb-none/1200/1C-3.png	549535
rgb-none/1200/2A-1.jpg	254544
rgb-none/1200/2A-2.jpg	341494
rgb-none/1200/2A-3.jpg	137384
rgb-none/1200/2B-1.jpg	189952
rgb-none/1200/2B-2.jpg	183520
rgb-none/1200/2B-3.jpg	172541
rgb-none/1200/2C-1.png	4365618
rgb-none/1200/2C-2.png	462276
rgb-none/1200/2C-3.png	1039155
rgb-none/1200/3A-1.jpg	112582
rgb-none/1200/3A-2.png	2681999
rgb-none/1200/3A-3.jpg	256876
rgb-none/1200/3B-1.jpg	41989
rgb-none/1200/3B-2.jpg	131527
rgb-none/1200/3B-3.jpg	207317
rgb-none/1200/3C-1.png	166094
rgb-none/1200/3C-2.png	103132
rgb-none/1200/3C-3.png	307475
rgb-none/1200/4A-1.png	676887
rgb-none/1200/4A-2.jpg	219067
rgb-none/1200/4A-3.png	1774544
rgb-none/1200/4B-1.png	334618
rgb-none/1200/4B-2.jpg	348075
rgb-none/1200/4B-3.png	492000
rgb-none/1200/4C-1.png	240957
rgb-none/1200/4C-2.png	315982
rgb-none/1200/4C-3.png	1039122
rgb-none/1200/6D.jpg	254493
rgb-none/1200/6E.jpg	282001
rgb-none/1200/6F.jpg	222346
rgb-none/1200/6G.jpg	25149
rgb-none/300/1A-1.jpg	16788
rgb-none/300/1A-2.jpg	25843
rgb-none/300/1A-3.jpg	23514
rgb-none/300/1B-1.jpg	26607
rgb-none/300/1B-2.jpg	14479
rgb-none/300/1B-3.png	99233
rgb-none/300/1C-1.png	198646
rgb-none/300/1C-2.png	94215
rgb-none/300/1C-3.png	61486
rgb-none/300/2A-1.jpg	27136
rgb-none/300/2A-2.jpg	34159
rgb-none/300/2A-3.jpg	13492
rgb-none/300/2B-1.jpg	13458
rgb-none/300/2B-2.jpg	17755
rgb-none/300/2B-3.jpg	16571
rgb-none/300/2C-1.png	265307
rgb-none/300/2C-2.png	39464
rgb-none/300/2C-3.png	90747
rgb-none/300/3A-1.jpg	10535
rgb-none/300/3A-2.png	194563
rgb-none/300/3A-3.jpg	19101
rgb-none/300/3B-1.jpg	5991
rgb-none/300/3B-2.jpg	26568
rgb-none/300/3B-3.jpg	18050
rgb-none/300/3C-1.png	25961
rgb-none/300/3C-2.png	18938
rgb-none/300/3C-3.png	45350
rgb-none/300/4A-1.png	117412
rgb-none/300/4A-2.jpg	26930
rgb-none/300/4A-3.png	181075
rgb-none/300/4B-1.png	55321
rgb-none/300/4B-2.jpg	31863
rgb-none/300/4B-3.png	48934
rgb-none/300/4C-1.png	39510
rgb-none/300/4C-2.png	51728
rgb-none/300/4C-3.png	127408
rgb-none/300/6D.jpg	17950
rgb-none/300/6E.jpg	23795
rgb-none/300/6F.jpg	27430
rgb-none/300/6G.jpg	3894
rgb-none/600/1A-1.jpg	47407
rgb-none/600/1A-2.jpg	74581
rgb-none/600/1A-3.jpg	79937
rgb-none/600/1B-1.jpg	95433
rgb-none/600/1B-2.jpg	48093
rgb-none/600/1B-3.png	382974
rgb-none/600/1C-1.png	842587
rgb-none/600/1C-2.png	299178
rgb-none/600/1C-3.png	178766
rgb-none/600/2A-1.jpg	84155
rgb-none/600/2A-2.jpg	108371
rgb-none/600/2A-3.jpg	41716
rgb-none/600/2B-1.jpg	49720
rgb-none/600/2B-2.jpg	56295
rgb-none/600/2B-3.jpg	55053
rgb-none/600/2C-1.png	1112136
rgb-none/600/2C-2.png	124917
rgb-none/600/2C-3.png	303189
rgb-none/600/3A-1.jpg	33306
rgb-none/600/3A-2.png	726808
rgb-none/600/3A-3.jpg	67992
rgb-none/600/3B-1.jpg	14896
rgb-none/600/3B-2.jpg	57308
rgb-none/600/3B-3.jpg	57086
rgb-none/600/3C-1.png	65985
rgb-none/600/3C-2.png	44826
rgb-none/600/3C-3.png	119972
rgb-none/600/4A-1.png	308063
rgb-none/600/4A-2.jpg	80077
rgb-none/600/4A-3.png	576973
rgb-none/600/4B-1.png	141197
rgb-none/600/4B-2.jpg	112129
rgb-none/600/4B-3.png	155930
rgb-none/600/4C-1.png	95591
rgb-none/600/4C-2.png	124291
rgb-none/600/4C-3.png	372023
rgb-none/600/6D.jpg	67162
rgb-none/600/6E.jpg	80782
rgb-none/600/6F.jpg	81102
rgb-none/600/6G.jpg	9571
rgb-rgb/1200/1A-1.jpg	145151
rgb-rgb/1200/1A-2.jpg	234868
rgb-rgb/1200/1A-3.jpg	299116
rgb-rgb/1200/1B-1.jpg	345614
rgb-rgb/1200/1B-2.jpg	168424
rgb-rgb/1200/1B-3.png	1039752
rgb-rgb/1200/1C-1.png	3069938
rgb-rgb/1200/1C-2.png	1069841
rgb-rgb/1200/1C-3.png	501073
rgb-rgb/1200/2A-1.jpg	254568
rgb-rgb/1200/2A-2.jpg	341425
rgb-rgb/1200/2A-3.jpg	137394
rgb-rgb/1200/2B-1.jpg	189969
rgb-rgb/1200/2B-2.jpg	183491
rgb-rgb/1200/2B-3.jpg	172519
rgb-rgb/1200/2C-1.png	4353302
rgb-rgb/1200/2C-2.png	545687
rgb-rgb/1200/2C-3.png	904073
rgb-rgb/1200/3A-1.jpg	112579
rgb-rgb/1200/3A-2.png	2705620
rgb-rgb/1200/3A-3.jpg	256850
rgb-rgb/1200/3B-1.jpg	41968
rgb-rgb/1200/3B-2.jpg	131491
rgb-rgb/1200/3B-3.jpg	207297
rgb-rgb/1200/3C-1.png	169056
rgb-rgb/1200/3C-2.png	103820
rgb-rgb/1200/3C-3.png	286611
rgb-rgb/1200/4A-1.png	662003
rgb-rgb/1200/4A-2.jpg	219080
rgb-rgb/1200/4A-3.png	2185443
rgb-rgb/1200/4B-1.png	334590
rgb-rgb/1200/4B-2.jpg	348080
rgb-rgb/1200/4B-3.png	492514
rgb-rgb/1200/4C-1.png	208040
rgb-rgb/1200/4C-2.png	294332
rgb-rgb/1200/4C-3.png	1017494
rgb-rgb/1200/6D.jpg	254487
rgb-rgb/1200/6E.jpg	282024
rgb-rgb/1200/6F.jpg	222353
rgb-rgb/1200/6G.jpg	25148
rgb-rgb/300/1A-1.jpg	16781
rgb-rgb/300/1A-2.jpg	25846
rgb-rgb/300/1A-3.jpg	23509
rgb-rgb/300/1B-1.jpg	26616
rgb-rgb/300/1B-2.jpg	14480
rgb-rgb/300/1B-3.png	77774
rgb-rgb/300/1C-1.png	183826
rgb-rgb/300/1C-2.png	85737
rgb-rgb/300/1C-3.png	55832
rgb-rgb/300/2A-1.jpg	27134
rgb-rgb/300/2A-2.jpg	34147
rgb-rgb/300/2A-3.jpg	13477
rgb-rgb/300/2B-1.jpg	13466
rgb-rgb/300/2B-2.jpg	17756
rgb-rgb/300/2B-3.jpg	16574
rgb-rgb/300/2C-1.png	267588
rgb-rgb/300/2C-2.png	44977
rgb-rgb/300/2C-3.png	80939
rgb-rgb/300/3A-1.jpg	10533
rgb-rgb/300/3A-2.png	196959
rgb-rgb/300/3A-3.jpg	19090
rgb-rgb/300/3B-1.jpg	5994
rgb-rgb/300/3B-2.jpg	26561
rgb-rgb/300/3B-3.jpg	18057
rgb-rgb/300/3C-1.png	27081
rgb-rgb/300/3C-2.png	18564
rgb-rgb/300/3C-3.png	40846
rgb-rgb/300/4A-1.png	110879
rgb-rgb/300/4A-2.jpg	26914
rgb-rgb/300/4A-3.png	217837
rgb-rgb/300/4B-1.png	55293
rgb-rgb/300/4B-2.jpg	31873
rgb-rgb/300/4B-3.png	53970
rgb-rgb/300/4C-1.png	34611
rgb-rgb/300/4C-2.png	49067
rgb-rgb/300/4C-3.png	124732
rgb-rgb/300/6D.jpg	17952
rgb-rgb/300/6E.jpg	23790
rgb-rgb/300/6F.jpg	27427
rgb-rgb/300/6G.jpg	3903
rgb-rgb/600/1A-1.jpg	47412
rgb-rgb/600/1A-2.jpg	74579
rgb-rgb/600/1A-3.jpg	79892
rgb-rgb/600/1B-1.jpg	95439
rgb-rgb/600/1B-2.jpg	48087
rgb-rgb/600/1B-3.png	299207
rgb-rgb/600/1C-1.png	782995
rgb-rgb/600/1C-2.png	295556
rgb-rgb/600/1C-3.png	161158
rgb-rgb/600/2A-1.jpg	84141
rgb-rgb/600/2A-2.jpg	108372
rgb-rgb/600/2A-3.jpg	41697
rgb-rgb/600/2B-1.jpg	49747
rgb-rgb/600/2B-2.jpg	56266
rgb-rgb/600/2B-3.jpg	55059
rgb-rgb/600/2C-1.png	1116905
rgb-rgb/600/2C-2.png	144858
rgb-rgb/600/2C-3.png	268657
rgb-rgb/600/3A-1.jpg	33296
rgb-rgb/600/3A-2.png	735019
rgb-rgb/600/3A-3.jpg	67966
rgb-rgb/600/3B-1.jpg	14887
rgb-rgb/600/3B-2.jpg	57301
rgb-rgb/600/3B-3.jpg	57109
rgb-rgb/600/3C-1.png	68035
rgb-rgb/600/3C-2.png	44505
rgb-rgb/600/3C-3.png	110934
rgb-rgb/600/4A-1.png	292120
rgb-rgb/600/4A-2.jpg	80047
rgb-rgb/600/4A-3.png	696479
rgb-rgb/600/4B-1.png	141169
rgb-rgb/600/4B-2.jpg	112156
rgb-rgb/600/4B-3.png	164118
rgb-rgb/600/4C-1.png	81859
rgb-rgb/600/4C-2.png	117340
rgb-rgb/600/4C-3.png	364127
rgb-rgb/600/6D.jpg	67143
rgb-rgb/600/6E.jpg	80755
rgb-rgb/600/6F.jpg	81111
rgb-rgb/600/6G.jpg	9570
rgb-srgb/1200/1A-1.jpg	145097
rgb-srgb/1200/1A-2.jpg	234835
rgb-srgb/1200/1A-3.jpg	299083
rgb-srgb/1200/1B-1.jpg	345680
rgb-srgb/1200/1B-2.jpg	168384
rgb-srgb/1200/1B-3.png	1360820
rgb-srgb/1200/1C-1.png	3325313
rgb-srgb/1200/1C-2.png	1094832
rgb-srgb/1200/1C-3.png	549535
rgb-srgb/1200/2A-1.jpg	254544
rgb-srgb/1200/2A-2.jpg	341494
rgb-srgb/1200/2A-3.jpg	137384
rgb-srgb/1200/2B-1.jpg	189952
rgb-srgb/1200/2B-2.jpg	183520
rgb-srgb/1200/2B-3.jpg	172541
rgb-srgb/1200/2C-1.png	4365618
rgb-srgb/1200/2C-2.png	462276
rgb-srgb/1200/2C-3.png	1039155
rgb-srgb/1200/3A-1.jpg	112582
rgb-srgb/1200/3A-2.png	2681999
rgb-srgb/1200/3A-3.jpg	256876
rgb-srgb/1200/3B-1.jpg	41989
rgb-srgb/1200/3B-2.jpg	131527
rgb-srgb/1200/3B-3.jpg	207317
rgb-srgb/1200/3C-1.png	166094
rgb-srgb/1200/3C-2.png	103132
rgb-srgb/1200/3C-3.png	307475
rgb-srgb/1200/4A-1.png	676887
rgb-srgb/1200/4A-2.jpg	219067
rgb-srgb/1200/4A-3.png	1774544
rgb-srgb/1200/4B-1.png	334618
rgb-srgb/1200/4B-2.jpg	348075
rgb-srgb/1200/4B-3.png	492000
rgb-srgb/1200/4C-1.png	240957
rgb-srgb/1200/4C-2.png	315982
rgb-srgb/1200/4C-3.png	1039122
rgb-srgb/1200/6D.jpg	254493
rgb-srgb/1200/6E.jpg	282001
rgb-srgb/1200/6F.jpg	222346
rgb-srgb/1200/6G.jpg	25149
rgb-srgb/300/1A-1.jpg	16788
rgb-srgb/300/1A-2.jpg	25843
rgb-srgb/300/1A-3.jpg	23514
rgb-srgb/300/1B-1.jpg	26607
rgb-srgb/300/1B-2.jpg	14479
rgb-srgb/300/1B-3.png	99233
rgb-srgb/300/1C-1.png	198646
rgb-srgb/300/1C-2.png	94215
rgb-srgb/300/1C-3.png	61486
rgb-srgb/300/2A-1.jpg	27136
rgb-srgb/300/2A-2.jpg	34159
rgb-srgb/300/2A-3.jpg	13492
rgb-srgb/300/2B-1.jpg	13458
rgb-srgb/300/2B-2.jpg	17755
rgb-srgb/300/2B-3.jpg	16571
rgb-srgb/300/2C-1.png	265307
rgb-srgb/300/2C-2.png	39464
rgb-srgb/300/2C-3.png	90747
rgb-srgb/300/3A-1.jpg	10535
rgb-srgb/300/3A-2.png	194563
rgb-srgb/300/3A-3.jpg	19101
rgb-srgb/300/3B-1.jpg	5991
rgb-srgb/300/3B-2.jpg	26568
rgb-srgb/300/3B-3.jpg	18050
rgb-srgb/300/3C-1.png	25961
rgb-srgb/300/3C-2.png	18938
rgb-srgb/300/3C-3.png	45350
rgb-srgb/300/4A-1.png	117412
rgb-srgb/300/4A-2.jpg	26930
rgb-srgb/300/4A-3.png	181075
rgb-srgb/300/4B-1.png	55321
rgb-srgb/300/4B-2.jpg	31863
rgb-srgb/300/4B-3.png	48934
rgb-srgb/300/4C-1.png	39510
rgb-srgb/300/4C-2.png	51728
rgb-srgb/300/4C-3.png	127408
rgb-srgb/300/6D.jpg	17950
rgb-srgb/300/6E.jpg	23795
rgb-srgb/300/6F.jpg	27430
rgb-srgb/300/6G.jpg	3894
rgb-srgb/600/1A-1.jpg	47407
rgb-srgb/600/1A-2.jpg	74581
rgb-srgb/600/1A-3.jpg	79937
rgb-srgb/600/1B-1.jpg	95433
rgb-srgb/600/1B-2.jpg	48093
rgb-srgb/600/1B-3.png	382974
rgb-srgb/600/1C-1.png	842587
rgb-srgb/600/1C-2.png	299178
rgb-srgb/600/1C-3.png	178766
rgb-srgb/600/2A-1.jpg	84155
rgb-srgb/600/2A-2.jpg	108371
rgb-srgb/600/2A-3.jpg	41716
rgb-srgb/600/2B-1.jpg	49720
rgb-srgb/600/2B-2.jpg	56295
rgb-srgb/600/2B-3.jpg	55053
rgb-srgb/600/2C-1.png	1112136
rgb-srgb/600/2C-2.png	124917
rgb-srgb/600/2C-3.png	303189
rgb-srgb/600/3A-1.jpg	33306
rgb-srgb/600/3A-2.png	726808
rgb-srgb/600/3A-3.jpg	67992
rgb-srgb/600/3B-1.jpg	14896
rgb-srgb/600/3B-2.jpg	57308
rgb-srgb/600/3B-3.jpg	57086
rgb-srgb/600/3C-1.png	65985
rgb-srgb/600/3C-2.png	44826
rgb-srgb/600/3C-3.png	119972
rgb-srgb/600/4A-1.png	308063
rgb-srgb/600/4A-2.jpg	80077
rgb-srgb/600/4A-3.png	576973
rgb-srgb/600/4B-1.png	141197
rgb-srgb/600/4B-2.jpg	112129
rgb-srgb/600/4B-3.png	155930
rgb-srgb/600/4C-1.png	95591
rgb-srgb/600/4C-2.png	124291
rgb-srgb/600/4C-3.png	372023
rgb-srgb/600/6D.jpg	67162
rgb-srgb/600/6E.jpg	80782
rgb-srgb/600/6F.jpg	81102
rgb-srgb/600/6G.jpg	9571
srgb-none/1200/1A-1.jpg	145097
srgb-none/1200/1A-2.jpg	234835
srgb-none/1200/1A-3.jpg	299083
srgb-none/1200/1B-1.jpg	345680
srgb-none/1200/1B-2.jpg	168384
srgb-none/1200/1B-3.png	1360820
srgb-none/1200/1C-1.png	3325313
srgb-none/1200/1C-2.png	1094832
srgb-none/1200/1C-3.png	549535
srgb-none/1200/2A-1.jpg	254544
srgb-none/1200/2A-2.jpg	341494
srgb-none/1200/2A-3.jpg	137384
srgb-none/1200/2B-1.jpg	189952
srgb-none/1200/2B-2.jpg	183520
srgb-none/1200/2B-3.jpg	172541
srgb-none/1200/2C-1.png	4365618
srgb-none/1200/2C-2.png	462276
srgb-none/1200/2C-3.png	1039155
srgb-none/1200/3A-1.jpg	112582
srgb-none/1200/3A-2.png	2681999
srgb-none/1200/3A-3.jpg	256876
srgb-none/1200/3B-1.jpg	41989
srgb-none/1200/3B-2.jpg	131527
srgb-none/1200/3B-3.jpg	207317
srgb-none/1200/3C-1.png	166094
srgb-none/1200/3C-2.png	103132
srgb-none/1200/3C-3.png	307475
srgb-none/1200/4A-1.png	676887
srgb-none/1200/4A-2.jpg	219067
srgb-none/1200/4A-3.png	1774544
srgb-none/1200/4B-1.png	334618
srgb-none/1200/4B-2.jpg	348075
srgb-none/1200/4B-3.png	492000
srgb-none/1200/4C-1.png	240957
srgb-none/1200/4C-2.png	315982
srgb-none/1200/4C-3.png	1039122
srgb-none/1200/6D.jpg	254493
srgb-none/1200/6E.jpg	282001
srgb-none/1200/6F.jpg	222346
srgb-none/1200/6G.jpg	25149
srgb-none/300/1A-1.jpg	16788
srgb-none/300/1A-2.jpg	25843
srgb-none/300/1A-3.jpg	23514
srgb-none/300/1B-1.jpg	26607
srgb-none/300/1B-2.jpg	14479
srgb-none/300/1B-3.png	99233
srgb-none/300/1C-1.png	198646
srgb-none/300/1C-2.png	94215
srgb-none/300/1C-3.png	61486
srgb-none/300/2A-1.jpg	27136
srgb-none/300/2A-2.jpg	34159
srgb-none/300/2A-3.jpg	13492
srgb-none/300/2B-1.jpg	13458
srgb-none/300/2B-2.jpg	17755
srgb-none/300/2B-3.jpg	16571
srgb-none/300/2C-1.png	265307
srgb-none/300/2C-2.png	39464
srgb-none/300/2C-3.png	90747
srgb-none/300/3A-1.jpg	10535
srgb-none/300/3A-2.png	194563
srgb-none/300/3A-3.jpg	19101
srgb-none/300/3B-1.jpg	5991
srgb-none/300/3B-2.jpg	26568
srgb-none/300/3B-3.jpg	18050
srgb-none/300/3C-1.png	25961
srgb-none/300/3C-2.png	18938
srgb-none/300/3C-3.png	45350
srgb-none/300/4A-1.png	117412
srgb-none/300/4A-2.jpg	26930
srgb-none/300/4A-3.png	181075
srgb-none/300/4B-1.png	55321
srgb-none/300/4B-2.jpg	31863
srgb-none/300/4B-3.png	48934
srgb-none/300/4C-1.png	39510
srgb-none/300/4C-2.png	51728
srgb-none/300/4C-3.png	127408
srgb-none/300/6D.jpg	17950
srgb-none/300/6E.jpg	23795
srgb-none/300/6F.jpg	27430
srgb-none/300/6G.jpg	3894
srgb-none/600/1A-1.jpg	47407
srgb-none/600/1A-2.jpg	74581
srgb-none/600/1A-3.jpg	79937
srgb-none/600/1B-1.jpg	95433
srgb-none/600/1B-2.jpg	48093
srgb-none/600/1B-3.png	382974
srgb-none/600/1C-1.png	842587
srgb-none/600/1C-2.png	299178
srgb-none/600/1C-3.png	178766
srgb-none/600/2A-1.jpg	84155
srgb-none/600/2A-2.jpg	108371
srgb-none/600/2A-3.jpg	41716
srgb-none/600/2B-1.jpg	49720
srgb-none/600/2B-2.jpg	56295
srgb-none/600/2B-3.jpg	55053
srgb-none/600/2C-1.png	1112136
srgb-none/600/2C-2.png	124917
srgb-none/600/2C-3.png	303189
srgb-none/600/3A-1.jpg	33306
srgb-none/600/3A-2.png	726808
srgb-none/600/3A-3.jpg	67992
srgb-none/600/3B-1.jpg	14896
srgb-none/600/3B-2.jpg	57308
srgb-none/600/3B-3.jpg	57086
srgb-none/600/3C-1.png	65985
srgb-none/600/3C-2.png	44826
srgb-none/600/3C-3.png	119972
srgb-none/600/4A-1.png	308063
srgb-none/600/4A-2.jpg	80077
srgb-none/600/4A-3.png	576973
srgb-none/600/4B-1.png	141197
srgb-none/600/4B-2.jpg	112129
srgb-none/600/4B-3.png	155930
srgb-none/600/4C-1.png	95591
srgb-none/600/4C-2.png	124291
srgb-none/600/4C-3.png	372023
srgb-none/600/6D.jpg	67162
srgb-none/600/6E.jpg	80782
srgb-none/600/6F.jpg	81102
srgb-none/600/6G.jpg	9571
srgb-rgb/1200/1A-1.jpg	145151
srgb-rgb/1200/1A-2.jpg	234868
srgb-rgb/1200/1A-3.jpg	299116
srgb-rgb/1200/1B-1.jpg	345614
srgb-rgb/1200/1B-2.jpg	168424
srgb-rgb/1200/1B-3.png	1039752
srgb-rgb/1200/1C-1.png	3069938
srgb-rgb/1200/1C-2.png	1069841
srgb-rgb/1200/1C-3.png	501073
srgb-rgb/1200/2A-1.jpg	254568
srgb-rgb/1200/2A-2.jpg	341425
srgb-rgb/1200/2A-3.jpg	137394
srgb-rgb/1200/2B-1.jpg	189969
srgb-rgb/1200/2B-2.jpg	183491
srgb-rgb/1200/2B-3.jpg	172519
srgb-rgb/1200/2C-1.png	4353302
srgb-rgb/1200/2C-2.png	545687
srgb-rgb/1200/2C-3.png	904073
srgb-rgb/1200/3A-1.jpg	112579
srgb-rgb/1200/3A-2.png	2705620
srgb-rgb/1200/3A-3.jpg	256850
srgb-rgb/1200/3B-1.jpg	41968
srgb-rgb/1200/3B-2.jpg	131491
srgb-rgb/1200/3B-3.jpg	207297
srgb-rgb/1200/3C-1.png	169056
srgb-rgb/1200/3C-2.png	103820
srgb-rgb/1200/3C-3.png	286611
srgb-rgb/1200/4A-1.png	662003
srgb-rgb/1200/4A-2.jpg	219080
srgb-rgb/1200/4A-3.png	2185443
srgb-rgb/1200/4B-1.png	334590
srgb-rgb/1200/4B-2.jpg	348080
srgb-rgb/1200/4B-3.png	492514
srgb-rgb/1200/4C-1.png	208040
srgb-rgb/1200/4C-2.png	294332
srgb-rgb/1200/4C-3.png	1017494
srgb-rgb/1200/6D.jpg	254487
srgb-rgb/1200/6E.jpg	282024
srgb-rgb/1200/6F.jpg	222353
srgb-rgb/1200/6G.jpg	25148
srgb-rgb/300/1A-1.jpg	16781
srgb-rgb/300/1A-2.jpg	25846
srgb-rgb/300/1A-3.jpg	23509
srgb-rgb/300/1B-1.jpg	26616
srgb-rgb/300/1B-2.jpg	14480
srgb-rgb/300/1B-3.png	77774
srgb-rgb/300/1C-1.png	183826
srgb-rgb/300/1C-2.png	85737
srgb-rgb/300/1C-3.png	55832
srgb-rgb/300/2A-1.jpg	27134
srgb-rgb/300/2A-2.jpg	34147
srgb-rgb/300/2A-3.jpg	13477
srgb-rgb/300/2B-1.jpg	13466
srgb-rgb/300/2B-2.jpg	17756
srgb-rgb/300/2B-3.jpg	16574
srgb-rgb/300/2C-1.png	267588
srgb-rgb/300/2C-2.png	44977
srgb-rgb/300/2C-3.png	80939
srgb-rgb/300/3A-1.jpg	10533
srgb-rgb/300/3A-2.png	196959
srgb-rgb/300/3A-3.jpg	19090
srgb-rgb/300/3B-1.jpg	5994
srgb-rgb/300/3B-2.jpg	26561
srgb-rgb/300/3B-3.jpg	18057
srgb-rgb/300/3C-1.png	27081
srgb-rgb/300/3C-2.png	18564
srgb-rgb/300/3C-3.png	40846
srgb-rgb/300/4A-1.png	110879
srgb-rgb/300/4A-2.jpg	26914
srgb-rgb/300/4A-3.png	217837
srgb-rgb/300/4B-1.png	55293
srgb-rgb/300/4B-2.jpg	31873
srgb-rgb/300/4B-3.png	53970
srgb-rgb/300/4C-1.png	34611
srgb-rgb/300/4C-2.png	49067
srgb-rgb/300/4C-3.png	124732
srgb-rgb/300/6D.jpg	17952
srgb-rgb/300/6E.jpg	23790
srgb-rgb/300/6F.jpg	27427
srgb-rgb/300/6G.jpg	3903
srgb-rgb/600/1A-1.jpg	47412
srgb-rgb/600/1A-2.jpg	74579
srgb-rgb/600/1A-3.jpg	79892
srgb-rgb/600/1B-1.jpg	95439
srgb-rgb/600/1B-2.jpg	48087
srgb-rgb/600/1B-3.png	299207
srgb-rgb/600/1C-1.png	782995
srgb-rgb/600/1C-2.png	295556
srgb-rgb/600/1C-3.png	161158
srgb-rgb/600/2A-1.jpg	84141
srgb-rgb/600/2A-2.jpg	108372
srgb-rgb/600/2A-3.jpg	41697
srgb-rgb/600/2B-1.jpg	49747
srgb-rgb/600/2B-2.jpg	56266
srgb-rgb/600/2B-3.jpg	55059
srgb-rgb/600/2C-1.png	1116905
srgb-rgb/600/2C-2.png	144858
srgb-rgb/600/2C-3.png	268657
srgb-rgb/600/3A-1.jpg	33296
srgb-rgb/600/3A-2.png	735019
srgb-rgb/600/3A-3.jpg	67966
srgb-rgb/600/3B-1.jpg	14887
srgb-rgb/600/3B-2.jpg	57301
srgb-rgb/600/3B-3.jpg	57109
srgb-rgb/600/3C-1.png	68035
srgb-rgb/600/3C-2.png	44505
srgb-rgb/600/3C-3.png	110934
srgb-rgb/600/4A-1.png	292120
srgb-rgb/600/4A-2.jpg	80047
srgb-rgb/600/4A-3.png	696479
srgb-rgb/600/4B-1.png	141169
srgb-rgb/600/4B-2.jpg	112156
srgb-rgb/600/4B-3.png	164118
srgb-rgb/600/4C-1.png	81859
srgb-rgb/600/4C-2.png	117340
srgb-rgb/600/4C-3.png	364127
srgb-rgb/600/6D.jpg	67143
srgb-rgb/600/6E.jpg	80755
srgb-rgb/600/6F.jpg	81111
srgb-rgb/600/6G.jpg	9570
srgb-srgb/1200/1A-1.jpg	145097
srgb-srgb/1200/1A-2.jpg	234835
srgb-srgb/1200/1A-3.jpg	299083
srgb-srgb/1200/1B-1.jpg	345680
srgb-srgb/1200/1B-2.jpg	168384
srgb-srgb/1200/1B-3.png	1360820
srgb-srgb/1200/1C-1.png	3325313
srgb-srgb/1200/1C-2.png	1094832
srgb-srgb/1200/1C-3.png	549535
srgb-srgb/1200/2A-1.jpg	254544
srgb-srgb/1200/2A-2.jpg	341494
srgb-srgb/1200/2A-3.jpg	137384
srgb-srgb/1200/2B-1.jpg	189952
srgb-srgb/1200/2B-2.jpg	183520
srgb-srgb/1200/2B-3.jpg	172541
srgb-srgb/1200/2C-1.png	4365618
srgb-srgb/1200/2C-2.png	462276
srgb-srgb/1200/2C-3.png	1039155
srgb-srgb/1200/3A-1.jpg	112582
srgb-srgb/1200/3A-2.png	2681999
srgb-srgb/1200/3A-3.jpg	256876
srgb-srgb/1200/3B-1.jpg	41989
srgb-srgb/1200/3B-2.jpg	131527
srgb-srgb/1200/3B-3.jpg	207317
srgb-srgb/1200/3C-1.png	166094
srgb-srgb/1200/3C-2.png	103132
srgb-srgb/1200/3C-3.png	307475
srgb-srgb/1200/4A-1.png	676887
srgb-srgb/1200/4A-2.jpg	219067
srgb-srgb/1200/4A-3.png	1774544
srgb-srgb/1200/4B-1.png	334618
srgb-srgb/1200/4B-2.jpg	348075
srgb-srgb/1200/4B-3.png	492000
srgb-srgb/1200/4C-1.png	240957
srgb-srgb/1200/4C-2.png	315982
srgb-srgb/1200/4C-3.png	1039122
srgb-srgb/1200/6D.jpg	254493
srgb-srgb/1200/6E.jpg	282001
srgb-srgb/1200/6F.jpg	222346
srgb-srgb/1200/6G.jpg	25149
srgb-srgb/300/1A-1.jpg	16788
srgb-srgb/300/1A-2.jpg	25843
srgb-srgb/300/1A-3.jpg	23514
srgb-srgb/300/1B-1.jpg	26607
srgb-srgb/300/1B-2.jpg	14479
srgb-srgb/300/1B-3.png	99233
srgb-srgb/300/1C-1.png	198646
srgb-srgb/300/1C-2.png	94215
srgb-srgb/300/1C-3.png	61486
srgb-srgb/300/2A-1.jpg	27136
srgb-srgb/300/2A-2.jpg	34159
srgb-srgb/300/2A-3.jpg	13492
srgb-srgb/300/2B-1.jpg	13458
srgb-srgb/300/2B-2.jpg	17755
srgb-srgb/300/2B-3.jpg	16571
srgb-srgb/300/2C-1.png	265307
srgb-srgb/300/2C-2.png	39464
srgb-srgb/300/2C-3.png	90747
srgb-srgb/300/3A-1.jpg	10535
srgb-srgb/300/3A-2.png	194563
srgb-srgb/300/3A-3.jpg	19101
srgb-srgb/300/3B-1.jpg	5991
srgb-srgb/300/3B-2.jpg	26568
srgb-srgb/300/3B-3.jpg	18050
srgb-srgb/300/3C-1.png	25961
srgb-srgb/300/3C-2.png	18938
srgb-srgb/300/3C-3.png	45350
srgb-srgb/300/4A-1.png	117412
srgb-srgb/300/4A-2.jpg	26930
srgb-srgb/300/4A-3.png	181075
srgb-srgb/300/4B-1.png	55321
srgb-srgb/300/4B-2.jpg	31863
srgb-srgb/300/4B-3.png	48934
srgb-srgb/300/4C-1.png	39510
srgb-srgb/300/4C-2.png	51728
srgb-srgb/300/4C-3.png	127408
srgb-srgb/300/6D.jpg	17950
srgb-srgb/300/6E.jpg	23795
srgb-srgb/300/6F.jpg	27430
srgb-srgb/300/6G.jpg	3894
srgb-srgb/600/1A-1.jpg	47407
srgb-srgb/600/1A-2.jpg	74581
srgb-srgb/600/1A-3.jpg	79937
srgb-srgb/600/1B-1.jpg	95433
srgb-srgb/600/1B-2.jpg	48093
srgb-srgb/600/1B-3.png	382974
srgb-srgb/600/1C-1.png	842587
srgb-srgb/600/1C-2.png	299178
srgb-srgb/600/1C-3.png	178766
srgb-srgb/600/2A-1.jpg	84155
srgb-srgb/600/2A-2.jpg	108371
srgb-srgb/600/2A-3.jpg	41716
srgb-srgb/600/2B-1.jpg	49720
srgb-srgb/600/2B-2.jpg	56295
srgb-srgb/600/2B-3.jpg	55053
srgb-srgb/600/2C-1.png	1112136
srgb-srgb/600/2C-2.png	124917
srgb-srgb/600/2C-3.png	303189
srgb-srgb/600/3A-1.jpg	33306
srgb-srgb/600/3A-2.png	726808
srgb-srgb/600/3A-3.jpg	67992
srgb-srgb/600/3B-1.jpg	14896
srgb-srgb/600/3B-2.jpg	57308
srgb-srgb/600/3B-3.jpg	57086
srgb-srgb/600/3C-1.png	65985
srgb-srgb/600/3C-2.png	44826
srgb-srgb/600/3C-3.png	119972
srgb-srgb/600/4A-1.png	308063
srgb-srgb/600/4A-2.jpg	80077
srgb-srgb/600/4A-3.png	576973
srgb-srgb/600/4B-1.png	141197
srgb-srgb/600/4B-2.jpg	112129
srgb-srgb/600/4B-3.png	155930
srgb-srgb/600/4C-1.png	95591
srgb-srgb/600/4C-2.png	124291
srgb-srgb/600/4C-3.png	372023
srgb-srgb/600/6D.jpg	67162
srgb-srgb/600/6E.jpg	80782
srgb-srgb/600/6F.jpg	81102
srgb-srgb/600/6G.jpg	9571
