<?xml version="1.0" encoding="ISO-8859-1"?>
<!DOCTYPE quantization-tables [
<!ELEMENT quantization-tables (table)+>
<!ELEMENT table (description , levels)>
<!ELEMENT description (CDATA)>
<!ELEMENT levels (CDATA)>
<!ATTLIST table slot ID #REQUIRED>
<!ATTLIST levels width CDATA #REQUIRED>
<!ATTLIST levels height CDATA #REQUIRED>
<!ATTLIST levels divisor CDATA #REQUIRED>
]>
<!--
  JPEG quantization tables.
-->
<quantization-tables>
  <table slot="0" alias="luminance">
    <description>Luminance Quantization Table</description>
    <levels width="8" height="8" divisor="1">
		17, 12, 13,  16,  22,  30,  40,  52,
		12, 12, 14,  19,  26,  35,  46,  74,
		13, 14, 17,  23,  31,  41,  69,  106,
		16, 19, 23,  28,  37,  65,  102, 146,
		22, 26, 31,  37,  62,  99,  143, 194,
		30, 35, 41,  65,  99,  141, 192, 250,
		40, 46, 69,  102, 143, 192, 249, 314,
		52, 74, 106, 146, 194, 250, 314, 386
    </levels>
  </table>

  <table slot="1" alias="chrominance">
    <description>Chrominance Quantization Table</description>
    <levels width="8" height="8" divisor="1">
		17,  18,  24,  47,   99,   128,  192,  256,
		18,  21,  26,  66,   99,   128,  192,  256,
		24,  26,  56,  99,   128,  192,  256,  512,
		47,  66,  99,  128,  192,  256,  512,  1024,
		99,  99,  128, 192,  256,  512,  1024, 2048,
		128, 128, 192, 256,  512,  1024, 3072, 4096,
		192, 192, 256, 512,  1024, 3072, 6144, 7168,
		256, 256, 512, 1024, 2048, 4096, 7168, 8192
    </levels>
  </table>
</quantization-tables>
