<?xml version="1.0" encoding="ISO-8859-1"?>
<!DOCTYPE quantization-tables [
<!ELEMENT quantization-tables (table)+>
<!ELEMENT table (description , levels)>
<!ELEMENT description (CDATA)>
<!ELEMENT levels (CDATA)>
<!ATTLIST table slot ID #REQUIRED>
<!ATTLIST levels width CDATA #REQUIRED>
<!ATTLIST levels height CDATA #REQUIRED>
<!ATTLIST levels divisor CDATA #REQUIRED>
]>
<!--
  JPEG quantization tables.
-->
<quantization-tables>
  <table slot="0" alias="quantization">
    <description>Quantization Table</description>
    <levels width="8" height="8" divisor="1">
		2040, 924, 942, 924, 1020, 924, 942, 924,
		924,  837, 854, 837, 924,  837, 854, 837,
		942,  854, 871, 854, 942,  854, 871, 854,
		924,  837, 854, 837, 924,  837, 854, 837,
		1020, 924, 942, 924, 1020, 924, 942, 924,
		924,  837, 854, 837, 924,  837, 854, 837,
		942,  854, 871, 854, 942,  854, 871, 854,
		924,  837, 854, 837, 924,  837, 854, 837
    </levels>
  </table>
</quantization-tables>
