# 75.000
# cjpeg -optimize -dct float -qtables this_file.txt -qslots 0 -sample 2x2 -outfile outputfile.jpg inputfile

   8   8  10  13  19  22  24  24
   8   8  10  14  19  23  24  24
  10  10  11  15  20  24  26  26
  13  14  15  19  24  28  29  30
  19  19  20  24  29  33  34  35
  22  23  24  28  33  37  38  38
  24  24  26  29  34  38  40  40
  24  24  26  30  35  38  40  40
